2016 01 01 05 19
2016 01 01 12 01
2016 01 02 12 07
2016 01 02 19 15
2016 01 03 07 59
2016 01 03 11 02
2016 01 03 16 11
2016 01 03 16 28
2016 01 03 23 13
2016 01 03 23 38
2016 01 04 15 01
2016 01 04 16 02
2016 01 04 17 50
2016 01 06 08 30
2016 01 06 11 31
2016 01 07 04 00
2016 01 07 14 23
2016 01 07 20 10
2016 01 08 14 33
2016 01 09 08 15
2016 01 09 09 33
2016 01 09 10 26
2016 01 09 20 48
2016 01 09 22 49
2016 01 10 00 09
2016 01 10 08 13
2016 01 10 16 06
2016 01 10 20 07
2016 01 11 13 17
2016 01 11 18 13
2016 01 13 04 25
2016 01 13 12 12
2016 01 13 15 15
2016 01 14 03 58
2016 01 14 04 50
2016 01 14 14 26
2016 01 14 16 25
2016 01 14 22 27
2016 01 15 00 18
2016 01 15 09 20
2016 01 15 14 54
2016 01 15 20 53
2016 01 16 03 39
2016 01 16 07 51
2016 01 16 12 12
2016 01 16 21 57
2016 01 17 00 32
2016 01 17 09 58
2016 01 17 20 25
2016 01 18 02 40
2016 01 18 07 19
2016 01 18 15 05
2016 01 18 21 39
2016 01 18 22 05
2016 01 20 12 43
2016 01 20 16 29
2016 01 20 20 14
2016 01 21 20 33
2016 01 21 22 52
2016 01 22 02 17
2016 01 22 06 30
2016 01 22 09 17
2016 01 22 14 33
2016 01 22 14 55
2016 01 23 10 53
2016 01 23 12 23
2016 01 23 16 00
2016 01 24 01 04
2016 01 24 12 09
2016 01 24 14 56
2016 01 24 17 50
2016 01 25 14 43
2016 01 25 20 10
2016 01 26 07 49
2016 01 26 15 02
2016 01 27 06 16
2016 01 27 14 24
2016 01 28 08 51
2016 01 28 09 21
2016 02 01 04 30
2016 02 01 12 59
2016 02 01 20 50
2016 02 01 23 48
2016 02 02 22 35
2016 02 03 10 22
2016 02 03 21 48
2016 02 04 06 54
2016 02 04 22 09
2016 02 06 10 51
2016 02 07 06 49
2016 02 07 14 04
2016 02 07 15 21
2016 02 08 04 30
2016 02 08 18 33
2016 02 08 23 49
2016 02 09 19 08
2016 02 10 01 41
2016 02 10 04 46
2016 02 10 10 20
2016 02 11 09 06
2016 02 11 09 47
2016 02 11 16 17
2016 02 12 01 03
2016 02 12 03 45
2016 02 12 06 39
2016 02 12 11 34
2016 02 12 22 05
2016 02 13 01 35
2016 02 13 03 08
2016 02 13 06 25
2016 02 13 12 57
2016 02 13 15 53
2016 02 13 19 40
2016 02 14 10 41
2016 02 15 03 16
2016 02 16 04 43
2016 02 16 05 01
2016 02 16 10 48
2016 02 17 01 50
2016 02 17 05 43
2016 02 17 09 33
2016 02 17 10 43
2016 02 17 13 53
2016 02 17 21 44
2016 02 18 05 26
2016 02 18 08 14
2016 02 18 16 55
2016 02 18 17 38
2016 02 18 18 32
2016 02 19 08 24
2016 02 19 18 26
2016 02 20 05 17
2016 02 20 15 59
2016 02 20 16 34
2016 02 22 10 20
2016 02 22 17 56
2016 02 23 00 15
2016 02 23 01 31
2016 02 23 02 06
2016 02 23 03 53
2016 02 23 10 39
2016 02 24 00 24
2016 02 24 00 48
2016 02 24 01 08
2016 02 24 11 24
2016 02 24 20 56
2016 02 25 10 54
2016 02 25 14 53
2016 02 25 21 23
2016 02 26 02 35
2016 02 26 06 17
2016 02 26 09 03
2016 02 26 09 37
2016 02 26 13 50
2016 02 27 04 18
2016 02 27 05 42
2016 02 27 12 08
2016 02 27 15 20
2016 02 27 23 26
2016 02 28 01 43
2016 02 28 19 16
2016 02 28 21 16
2016 03 01 01 27
2016 03 01 07 05
2016 03 01 09 46
2016 03 01 10 41
2016 03 01 18 41
2016 03 02 00 44
2016 03 02 05 22
2016 03 02 06 44
2016 03 02 09 53
2016 03 02 15 40
2016 03 03 04 19
2016 03 03 07 32
2016 03 03 15 43
2016 03 04 00 02
2016 03 04 07 52
2016 03 04 08 32
2016 03 04 13 13
2016 03 04 13 51
2016 03 04 17 27
2016 03 05 02 58
2016 03 05 12 07
2016 03 05 16 44
2016 03 06 09 17
2016 03 06 15 08
2016 03 06 19 56
2016 03 07 12 55
2016 03 07 23 22
2016 03 08 00 50
2016 03 08 03 11
2016 03 09 12 49
2016 03 09 20 25
2016 03 10 12 20
2016 03 10 20 35
2016 03 11 05 38
2016 03 11 21 30
2016 03 12 17 36
2016 03 13 08 39
2016 03 13 10 49
2016 03 13 20 03
2016 03 14 03 52
2016 03 14 05 22
2016 03 15 10 09
2016 03 15 14 06
2016 03 15 23 53
2016 03 16 12 19
2016 03 17 09 23
2016 03 18 02 15
2016 03 18 02 45
2016 03 18 03 45
2016 03 18 07 27
2016 03 18 13 10
2016 03 19 21 30
2016 03 20 02 26
2016 03 20 11 31
2016 03 20 11 40
2016 03 21 00 42
2016 03 21 12 55
2016 03 21 14 04
2016 03 21 15 59
2016 03 21 16 16
2016 03 22 03 22
2016 03 22 03 40
2016 03 22 11 37
2016 03 22 17 46
2016 03 23 10 31
2016 03 24 00 17
2016 03 24 06 52
2016 03 24 11 04
2016 03 24 15 08
2016 03 24 16 35
2016 03 24 20 55
2016 03 24 23 43
2016 03 25 15 52
2016 03 26 01 01
2016 03 26 09 20
2016 03 27 05 55
2016 03 27 07 53
2016 03 27 21 11
2016 03 28 00 50
2016 03 28 05 08
2016 04 03 12 12
2016 04 04 09 51
2016 04 04 17 25
2016 04 05 01 09
2016 04 05 13 57
2016 04 05 14 23
2016 04 05 21 22
2016 04 05 23 07
2016 04 06 04 37
2016 04 07 05 15
2016 04 07 09 06
2016 04 07 10 02
2016 04 07 23 51
2016 04 08 08 45
2016 04 08 21 51
2016 04 09 05 39
2016 04 09 14 25
2016 04 09 14 46
2016 04 09 23 59
2016 04 10 06 15
2016 04 10 08 14
2016 04 10 08 36
2016 04 10 09 45
2016 04 10 11 05
2016 04 10 15 57
2016 04 11 00 59
2016 04 12 01 08
2016 04 12 01 39
2016 04 12 07 20
2016 04 12 13 01
2016 04 12 17 51
2016 04 12 18 24
2016 04 12 20 11
2016 04 13 09 32
2016 04 15 03 00
2016 04 15 17 33
2016 04 15 18 43
2016 04 17 02 26
2016 04 17 15 40
2016 04 17 20 02
2016 04 18 11 54
2016 04 18 13 26
2016 04 18 15 44
2016 04 18 17 47
2016 04 19 00 58
2016 04 19 09 01
2016 04 20 01 43
2016 04 20 13 16
2016 04 20 21 06
2016 04 21 08 31
2016 04 21 08 36
2016 04 22 03 50
2016 04 22 07 38
2016 04 22 13 11
2016 04 23 00 01
2016 04 23 07 26
2016 04 24 11 54
2016 04 24 12 59
2016 04 24 17 25
2016 04 25 18 10
2016 04 26 14 12
2016 04 28 04 22
2016 04 28 04 56
2016 04 28 08 28
2016 04 28 20 16
2016 05 01 07 41
2016 05 01 11 11
2016 05 01 11 58
2016 05 01 12 08
2016 05 01 17 31
2016 05 01 19 18
2016 05 02 02 05
2016 05 02 03 43
2016 05 02 13 50
2016 05 02 15 49
2016 05 02 23 43
2016 05 03 18 31
2016 05 03 19 32
2016 05 04 01 30
2016 05 04 01 59
2016 05 04 02 34
2016 05 04 02 52
2016 05 04 07 39
2016 05 04 10 50
2016 05 04 14 13
2016 05 05 00 01
2016 05 05 08 38
2016 05 06 00 24
2016 05 06 03 58
2016 05 06 09 48
2016 05 06 12 28
2016 05 06 17 42
2016 05 06 18 48
2016 05 07 01 02
2016 05 07 01 51
2016 05 07 05 15
2016 05 07 17 43
2016 05 08 00 49
2016 05 08 05 22
2016 05 08 09 19
2016 05 09 18 12
2016 05 09 20 19
2016 05 09 21 39
2016 05 10 05 20
2016 05 10 12 53
2016 05 10 14 02
2016 05 11 11 50
2016 05 11 19 23
2016 05 11 23 40
2016 05 12 02 21
2016 05 12 23 11
2016 05 13 02 29
2016 05 13 10 48
2016 05 15 00 09
2016 05 15 05 03
2016 05 15 06 01
2016 05 15 08 03
2016 05 15 18 53
2016 05 15 20 45
2016 05 16 03 54
2016 05 17 18 00
2016 05 17 18 26
2016 05 17 18 43
2016 05 17 22 25
2016 05 18 02 45
2016 05 18 07 56
2016 05 18 12 43
2016 05 18 15 34
2016 05 19 05 45
2016 05 19 23 28
2016 05 20 02 33
2016 05 20 02 35
2016 05 20 03 32
2016 05 20 08 51
2016 05 20 22 56
2016 05 21 06 26
2016 05 21 11 50
2016 05 22 00 05
2016 05 22 02 04
2016 05 22 09 10
2016 05 22 10 16
2016 05 22 16 25
2016 05 23 20 16
2016 05 23 22 45
2016 05 24 00 23
2016 05 24 00 48
2016 05 24 01 09
2016 05 24 05 29
2016 05 25 01 03
2016 05 25 12 43
2016 05 25 12 47
2016 05 25 20 25
2016 05 26 12 32
2016 05 26 18 17
2016 05 26 20 33
2016 05 27 01 07
2016 05 27 02 07
2016 05 27 04 12
2016 05 27 20 35
2016 05 28 00 42
2016 05 28 16 35
2016 05 28 23 20
2016 06 01 08 57
2016 06 01 21 18
2016 06 02 01 05
2016 06 02 03 02
2016 06 02 08 44
2016 06 03 07 01
2016 06 03 14 09
2016 06 03 23 25
2016 06 04 03 14
2016 06 04 03 27
2016 06 04 06 14
2016 06 04 11 39
2016 06 04 18 06
2016 06 04 20 24
2016 06 05 00 17
2016 06 05 02 41
2016 06 05 07 29
2016 06 05 17 30
2016 06 06 04 53
2016 06 06 16 54
2016 06 06 19 59
2016 06 07 01 43
2016 06 07 02 04
2016 06 07 13 27
2016 06 07 20 11
2016 06 07 22 31
2016 06 08 01 57
2016 06 08 10 09
2016 06 08 23 50
2016 06 09 01 30
2016 06 09 02 38
2016 06 09 23 44
2016 06 10 16 06
2016 06 10 18 14
2016 06 11 04 25
2016 06 11 14 32
2016 06 11 16 39
2016 06 12 04 27
2016 06 12 05 59
2016 06 12 07 37
2016 06 12 11 04
2016 06 12 13 19
2016 06 12 14 17
2016 06 12 21 16
2016 06 13 04 25
2016 06 13 08 05
2016 06 13 09 52
2016 06 13 15 12
2016 06 13 23 56
2016 06 14 03 04
2016 06 14 08 22
2016 06 14 13 43
2016 06 14 15 17
2016 06 14 18 07
2016 06 14 19 15
2016 06 15 15 09
2016 06 15 19 12
2016 06 16 02 19
2016 06 16 14 51
2016 06 16 19 20
2016 06 17 10 20
2016 06 17 14 19
2016 06 17 15 24
2016 06 17 17 29
2016 06 18 02 03
2016 06 18 05 03
2016 06 18 18 41
2016 06 19 00 24
2016 06 19 06 03
2016 06 19 19 28
2016 06 20 01 12
2016 06 20 12 44
2016 06 20 13 23
2016 06 21 03 14
2016 06 22 14 59
2016 06 22 16 44
2016 06 22 17 49
2016 06 22 21 29
2016 06 23 02 31
2016 06 23 04 25
2016 06 23 11 31
2016 06 23 14 57
2016 06 24 03 58
2016 06 24 04 30
2016 06 24 13 37
2016 06 24 15 32
2016 06 24 19 24
2016 06 24 21 24
2016 06 25 00 33
2016 06 25 05 29
2016 06 25 06 40
2016 06 25 15 20
2016 06 25 17 12
2016 06 25 17 23
2016 06 26 09 41
2016 06 26 15 55
2016 06 26 21 47
2016 06 27 00 44
2016 06 27 02 36
2016 06 27 17 55
2016 06 27 21 04
2016 06 28 02 05
2016 06 28 13 16
2016 07 01 02 16
2016 07 01 14 55
2016 07 02 03 14
2016 07 02 03 35
2016 07 03 00 13
2016 07 04 12 19
2016 07 04 14 12
2016 07 04 16 30
2016 07 04 17 06
2016 07 06 05 28
2016 07 06 08 23
2016 07 06 10 20
2016 07 06 12 18
2016 07 07 01 16
2016 07 07 02 56
2016 07 07 06 22
2016 07 08 03 15
2016 07 08 04 17
2016 07 08 08 36
2016 07 08 18 36
2016 07 09 01 31
2016 07 09 03 14
2016 07 09 08 21
2016 07 09 11 19
2016 07 09 23 57
2016 07 10 01 22
2016 07 10 15 30
2016 07 10 16 40
2016 07 11 03 24
2016 07 11 04 07
2016 07 11 12 02
2016 07 11 12 35
2016 07 11 19 34
2016 07 12 04 49
2016 07 12 11 17
2016 07 12 19 02
2016 07 13 02 40
2016 07 13 02 52
2016 07 13 12 32
2016 07 13 18 28
2016 07 13 22 19
2016 07 14 02 30
2016 07 15 01 21
2016 07 15 06 41
2016 07 15 11 18
2016 07 15 11 55
2016 07 16 03 53
2016 07 16 22 04
2016 07 17 09 08
2016 07 17 10 13
2016 07 18 06 10
2016 07 18 08 20
2016 07 18 14 10
2016 07 18 15 17
2016 07 19 02 18
2016 07 19 03 57
2016 07 19 10 51
2016 07 19 13 08
2016 07 21 15 35
2016 07 21 18 17
2016 07 22 03 04
2016 07 22 09 57
2016 07 22 10 18
2016 07 22 18 53
2016 07 22 20 14
2016 07 23 06 21
2016 07 23 09 13
2016 07 24 07 23
2016 07 25 10 38
2016 07 25 11 38
2016 07 26 01 14
2016 07 26 21 24
2016 07 27 03 52
2016 07 27 10 58
2016 07 27 12 25
2016 07 27 16 43
2016 07 27 21 15
2016 07 28 18 18
2016 08 01 05 10
2016 08 01 13 22
2016 08 01 18 34
2016 08 01 23 42
2016 08 02 05 25
2016 08 02 08 21
2016 08 02 11 09
2016 08 02 21 53
2016 08 03 02 47
2016 08 03 10 50
2016 08 04 08 02
2016 08 04 09 39
2016 08 04 17 08
2016 08 05 06 43
2016 08 05 06 56
2016 08 05 13 58
2016 08 06 11 28
2016 08 06 14 08
2016 08 06 18 01
2016 08 06 18 24
2016 08 07 06 09
2016 08 07 17 47
2016 08 08 08 50
2016 08 08 15 51
2016 08 08 16 55
2016 08 08 18 09
2016 08 08 22 05
2016 08 09 08 56
2016 08 09 11 50
2016 08 09 12 33
2016 08 09 13 09
2016 08 09 13 29
2016 08 09 15 05
2016 08 09 17 32
2016 08 09 21 10
2016 08 10 06 17
2016 08 10 10 25
2016 08 10 17 07
2016 08 12 10 43
2016 08 12 11 10
2016 08 12 15 25
2016 08 12 19 56
2016 08 13 00 41
2016 08 13 04 18
2016 08 13 07 02
2016 08 14 12 16
2016 08 14 13 47
2016 08 14 18 04
2016 08 14 21 49
2016 08 14 22 31
2016 08 16 08 34
2016 08 16 11 22
2016 08 16 16 14
2016 08 16 17 03
2016 08 16 19 48
2016 08 16 20 58
2016 08 16 21 03
2016 08 16 22 16
2016 08 17 00 14
2016 08 18 06 50
2016 08 18 06 53
2016 08 18 08 42
2016 08 18 11 19
2016 08 18 11 43
2016 08 18 15 00
2016 08 19 02 12
2016 08 19 05 45
2016 08 19 08 39
2016 08 19 16 42
2016 08 20 21 03
2016 08 20 23 06
2016 08 21 04 30
2016 08 21 14 13
2016 08 21 21 33
2016 08 21 21 44
2016 08 21 22 06
2016 08 22 17 20
2016 08 22 20 14
2016 08 23 08 15
2016 08 23 10 25
2016 08 23 21 17
2016 08 24 04 13
2016 08 24 09 02
2016 08 24 10 48
2016 08 24 11 42
2016 08 25 18 02
2016 08 26 04 25
2016 08 26 10 20
2016 08 26 10 39
2016 08 26 13 12
2016 08 27 02 10
2016 08 28 01 06
2016 08 28 02 46
2016 08 28 03 02
2016 09 01 05 32
2016 09 01 14 45
2016 09 01 17 09
2016 09 01 22 41
2016 09 02 10 21
2016 09 02 17 51
2016 09 03 01 48
2016 09 04 16 10
2016 09 04 21 02
2016 09 05 05 12
2016 09 05 06 55
2016 09 05 12 53
2016 09 06 00 52
2016 09 06 09 45
2016 09 06 11 33
2016 09 06 12 04
2016 09 07 01 54
2016 09 07 10 43
2016 09 07 22 47
2016 09 08 03 15
2016 09 08 05 43
2016 09 08 07 28
2016 09 08 12 38
2016 09 09 04 03
2016 09 09 09 39
2016 09 09 10 13
2016 09 10 04 44
2016 09 10 06 18
2016 09 10 10 04
2016 09 10 11 00
2016 09 10 17 01
2016 09 10 18 46
2016 09 11 06 17
2016 09 11 07 57
2016 09 11 08 32
2016 09 11 15 29
2016 09 11 22 56
2016 09 12 00 53
2016 09 13 07 46
2016 09 13 10 30
2016 09 13 16 45
2016 09 13 21 51
2016 09 14 01 14
2016 09 14 15 29
2016 09 14 16 43
2016 09 15 02 57
2016 09 16 05 42
2016 09 16 08 49
2016 09 16 17 54
2016 09 17 14 10
2016 09 17 16 59
2016 09 17 20 52
2016 09 18 11 15
2016 09 18 21 03
2016 09 18 21 32
2016 09 18 22 57
2016 09 19 12 12
2016 09 21 06 10
2016 09 21 09 56
2016 09 22 00 13
2016 09 22 19 22
2016 09 22 23 00
2016 09 22 23 36
2016 09 22 23 49
2016 09 23 13 36
2016 09 24 00 14
2016 09 24 06 34
2016 09 24 17 56
2016 09 24 20 11
2016 09 25 22 01
2016 09 26 05 28
2016 09 27 02 43
2016 09 27 05 09
2016 09 27 05 37
2016 09 27 12 48
2016 09 27 23 01
2016 09 28 00 08
2016 09 28 13 20
2016 09 28 23 36
2016 10 01 05 07
2016 10 01 10 11
2016 10 01 15 09
2016 10 01 15 22
2016 10 01 23 27
2016 10 02 13 15
2016 10 02 20 08
2016 10 02 20 31
2016 10 03 00 02
2016 10 03 06 28
2016 10 04 00 06
2016 10 04 04 53
2016 10 04 05 08
2016 10 04 13 04
2016 10 04 16 25
2016 10 04 22 19
2016 10 08 10 17
2016 10 08 11 00
2016 10 08 18 31
2016 10 08 22 11
2016 10 09 00 45
2016 10 10 05 44
2016 10 10 16 29
2016 10 10 20 33
2016 10 11 09 35
2016 10 11 23 04
2016 10 12 12 05
2016 10 12 15 13
2016 10 13 12 02
2016 10 13 16 21
2016 10 14 04 47
2016 10 14 14 58
2016 10 14 22 14
2016 10 15 02 37
2016 10 15 07 09
2016 10 15 18 31
2016 10 15 19 22
2016 10 15 20 52
2016 10 15 21 01
2016 10 16 00 35
2016 10 16 10 19
2016 10 16 16 10
2016 10 17 00 13
2016 10 17 04 05
2016 10 17 04 21
2016 10 17 12 11
2016 10 17 21 05
2016 10 18 16 55
2016 10 19 04 43
2016 10 19 04 53
2016 10 19 07 56
2016 10 19 13 33
2016 10 20 08 16
2016 10 20 16 18
2016 10 20 17 03
2016 10 21 05 35
2016 10 21 11 11
2016 10 21 19 02
2016 10 22 02 44
2016 10 22 09 45
2016 10 22 19 24
2016 10 23 05 51
2016 10 23 10 21
2016 10 24 05 51
2016 10 24 18 49
2016 10 25 06 41
2016 10 25 07 48
2016 10 25 08 10
2016 10 26 03 19
2016 10 26 07 52
2016 10 26 11 05
2016 10 26 15 03
2016 10 26 19 43
2016 10 27 11 04
2016 10 28 10 54
2016 10 28 15 26
2016 10 28 17 24
2016 11 01 01 48
2016 11 01 13 33
2016 11 01 22 09
2016 11 02 04 39
2016 11 02 13 07
2016 11 02 20 13
2016 11 03 02 38
2016 11 03 11 45
2016 11 04 21 39
2016 11 05 12 37
2016 11 06 12 21
2016 11 07 02 45
2016 11 07 13 56
2016 11 07 14 13
2016 11 07 17 09
2016 11 08 02 41
2016 11 08 03 31
2016 11 08 03 36
2016 11 08 16 27
2016 11 08 22 07
2016 11 08 23 48
2016 11 09 01 42
2016 11 09 05 10
2016 11 09 06 20
2016 11 10 10 59
2016 11 10 12 17
2016 11 10 13 00
2016 11 10 16 46
2016 11 11 08 37
2016 11 12 13 28
2016 11 13 18 27
2016 11 13 19 35
2016 11 14 03 14
2016 11 14 06 15
2016 11 14 12 00
2016 11 15 21 11
2016 11 17 01 55
2016 11 17 04 30
2016 11 17 13 56
2016 11 17 19 32
2016 11 18 09 12
2016 11 18 09 22
2016 11 18 09 25
2016 11 18 12 48
2016 11 18 23 08
2016 11 18 23 38
2016 11 19 05 19
2016 11 19 12 18
2016 11 19 14 38
2016 11 19 19 24
2016 11 19 23 09
2016 11 19 23 51
2016 11 20 20 55
2016 11 21 02 38
2016 11 21 02 45
2016 11 21 03 47
2016 11 21 11 34
2016 11 21 18 09
2016 11 21 23 22
2016 11 22 03 04
2016 11 22 05 03
2016 11 22 10 34
2016 11 22 11 23
2016 11 22 15 44
2016 11 22 16 07
2016 11 22 17 57
2016 11 23 09 57
2016 11 23 11 37
2016 11 24 01 15
2016 11 24 02 40
2016 11 24 12 04
2016 11 24 12 14
2016 11 25 02 26
2016 11 25 05 17
2016 11 26 18 54
2016 11 26 19 53
2016 11 26 21 31
2016 11 27 10 53
2016 11 28 08 03
2016 11 28 10 29
2016 11 28 10 33
2016 11 28 18 07
2016 11 28 21 18
2016 11 28 23 07
2016 12 01 01 58
2016 12 01 09 33
2016 12 01 13 56
2016 12 01 15 45
2016 12 02 00 06
2016 12 02 15 49
2016 12 02 17 02
2016 12 03 02 46
2016 12 03 03 31
2016 12 04 01 56
2016 12 04 04 12
2016 12 04 04 31
2016 12 04 05 07
2016 12 04 10 10
2016 12 04 19 24
2016 12 04 20 41
2016 12 04 21 53
2016 12 05 06 01
2016 12 05 13 23
2016 12 06 00 05
2016 12 06 01 55
2016 12 06 14 20
2016 12 06 16 39
2016 12 06 18 34
2016 12 07 12 22
2016 12 09 06 52
2016 12 09 07 07
2016 12 09 14 43
2016 12 10 08 59
2016 12 10 09 00
2016 12 10 13 45
2016 12 10 20 20
2016 12 10 23 29
2016 12 12 11 29
2016 12 12 14 01
2016 12 12 14 27
2016 12 12 20 07
2016 12 13 07 10
2016 12 13 07 21
2016 12 14 08 00
2016 12 14 13 43
2016 12 14 15 30
2016 12 14 21 43
2016 12 14 23 44
2016 12 15 08 02
2016 12 15 13 56
2016 12 15 15 17
2016 12 16 02 50
2016 12 17 03 40
2016 12 17 09 28
2016 12 18 06 22
2016 12 18 14 57
2016 12 18 18 54
2016 12 18 22 05
2016 12 20 02 26
2016 12 20 15 51
2016 12 20 22 09
2016 12 21 12 06
2016 12 22 10 19
2016 12 22 11 34
2016 12 22 13 34
2016 12 22 17 50
2016 12 23 09 58
2016 12 23 19 59
2016 12 23 23 42
2016 12 24 03 03
2016 12 24 04 44
2016 12 24 16 19
2016 12 25 05 05
2016 12 25 22 17
2016 12 26 16 11
2016 12 26 22 26
2016 12 27 03 58
2016 12 27 08 32
2016 12 27 09 19
2016 12 27 18 29
2016 12 28 01 16
2016 12 28 12 55
2016 12 28 15 02
2016 12 28 18 06
2016 12 28 18 54
